0.0001 0.0001 2 zeroes 0.3 64 5 0.01 RankNeg 0.25 0.0025 1.0 0.5 2.0
0.0001 0.0001 2 zeroes 0.5 64 5 0.01 RankNeg 0.25 0.0025 1.0 0.5 2.0
0.0001 0.0001 2 zeroes 0.7 64 5 0.01 RankNeg 0.25 0.0025 1.0 0.5 2.0
0.0001 0.0001 2 zeroes 0.8 64 5 0.01 RankNeg 0.25 0.0025 1.0 0.5 2.0
0.0001 0.0001 2 zeroes 0.9 64 5 0.01 RankNeg 0.25 0.0025 1.0 0.5 2.0
0.0001 0.0001 2 zeroes 0.95 64 5 0.01 RankNeg 0.25 0.0025 1.0 0.5 2.0
0.0001 0.0001 2 zeroes 0.3 64 5 0.01 RankNeg 0.25 0.0025 1.0 0.5 1.0
0.0001 0.0001 2 zeroes 0.5 64 5 0.01 RankNeg 0.25 0.0025 1.0 0.5 1.0
0.0001 0.0001 2 zeroes 0.7 64 5 0.01 RankNeg 0.25 0.0025 1.0 0.5 1.0
0.0001 0.0001 2 zeroes 0.8 64 5 0.01 RankNeg 0.25 0.0025 1.0 0.5 1.0
0.0001 0.0001 2 zeroes 0.9 64 5 0.01 RankNeg 0.25 0.0025 1.0 0.5 1.0
0.0001 0.0001 2 zeroes 0.95 64 5 0.01 RankNeg 0.25 0.0025 1.0 0.5 1.0
0.0001 0.0001 2 zeroes 0.3 64 5 0.01 RankNeg 0.25 0.0025 1.0 0.5 0.5
0.0001 0.0001 2 zeroes 0.5 64 5 0.01 RankNeg 0.25 0.0025 1.0 0.5 0.5
0.0001 0.0001 2 zeroes 0.7 64 5 0.01 RankNeg 0.25 0.0025 1.0 0.5 0.5
0.0001 0.0001 2 zeroes 0.8 64 5 0.01 RankNeg 0.25 0.0025 1.0 0.5 0.5
0.0001 0.0001 2 zeroes 0.9 64 5 0.01 RankNeg 0.25 0.0025 1.0 0.5 0.5
0.0001 0.0001 2 zeroes 0.95 64 5 0.01 RankNeg 0.25 0.0025 1.0 0.5 0.5
0.0001 0.0001 2 zeroes 0.3 64 5 0.01 RankNeg 0.25 0.0025 1.0 0.5 0.05
0.0001 0.0001 2 zeroes 0.5 64 5 0.01 RankNeg 0.25 0.0025 1.0 0.5 0.05
0.0001 0.0001 2 zeroes 0.7 64 5 0.01 RankNeg 0.25 0.0025 1.0 0.5 0.05
0.0001 0.0001 2 zeroes 0.8 64 5 0.01 RankNeg 0.25 0.0025 1.0 0.5 0.05
0.0001 0.0001 2 zeroes 0.9 64 5 0.01 RankNeg 0.25 0.0025 1.0 0.5 0.05
0.0001 0.0001 2 zeroes 0.95 64 5 0.01 RankNeg 0.25 0.0025 1.0 0.5 0.05
0.0001 0.0001 2 zeroes 0.3 64 5 0.01 RankNeg 0.25 0.0025 1.0 0.5 0.01
0.0001 0.0001 2 zeroes 0.5 64 5 0.01 RankNeg 0.25 0.0025 1.0 0.5 0.01
0.0001 0.0001 2 zeroes 0.7 64 5 0.01 RankNeg 0.25 0.0025 1.0 0.5 0.01
0.0001 0.0001 2 zeroes 0.8 64 5 0.01 RankNeg 0.25 0.0025 1.0 0.5 0.01
0.0001 0.0001 2 zeroes 0.9 64 5 0.01 RankNeg 0.25 0.0025 1.0 0.5 0.01
0.0001 0.0001 2 zeroes 0.95 64 5 0.01 RankNeg 0.25 0.0025 1.0 0.5 0.01
0.0001 0.0001 2 zeroes 0.3 64 5 0.01 RankNeg 0.25 0.0025 1.0 0.5 0.001
0.0001 0.0001 2 zeroes 0.5 64 5 0.01 RankNeg 0.25 0.0025 1.0 0.5 0.001
0.0001 0.0001 2 zeroes 0.7 64 5 0.01 RankNeg 0.25 0.0025 1.0 0.5 0.001
0.0001 0.0001 2 zeroes 0.8 64 5 0.01 RankNeg 0.25 0.0025 1.0 0.5 0.001
0.0001 0.0001 2 zeroes 0.9 64 5 0.01 RankNeg 0.25 0.0025 1.0 0.5 0.001
0.0001 0.0001 2 zeroes 0.95 64 5 0.01 RankNeg 0.25 0.0025 1.0 0.5 0.001
